麻雀	39084	22951	22936	37863	0.61	0.97	1.00
马蓉将起诉宋喆强奸	63534	18453	17939	60491	0.30	0.95	0.97
如果蜗牛有爱情	26785	13839	13773	26597	0.52	0.99	1.00
珠海航展	17712	10057	9434	15903	0.59	0.90	0.94
老九门	13965	9055	9045	13417	0.67	0.96	1.00
3名男子假装嫖客专抢卖淫女	26000	8850	7754	21497	0.36	0.83	0.88
妙龄白富美沉沦做冰妹	40241	8490	8490	40240	0.21	1.00	1.00
喜剧总动员	17579	8242	8203	17337	0.47	0.99	1.00
歼20	11974	8222	7694	11012	0.70	0.92	0.94
快乐大本营	20443	7761	7737	20081	0.39	0.98	1.00
胭脂	11417	6616	6608	11212	0.59	0.98	1.00
ppap	9529	6000	4528	6863	0.66	0.72	0.75
诛仙青云志	12077	5343	5310	11519	0.46	0.95	0.99
青云志	8198	4856	4823	7951	0.61	0.97	0.99
真正男子汉第二季	11242	4675	4660	11118	0.42	0.99	1.00
中国式关系	6627	4214	4212	6565	0.64	0.99	1.00
闹洞房	5228	4095	2437	2107	1.16	0.40	0.60
寒山令	7583	4019	3979	7427	0.54	0.98	0.99
法医秦明	11740	3768	3738	11536	0.32	0.98	0.99
歼20珠海航展首亮相	5227	3688	3642	5049	0.72	0.97	0.99
蒙面唱将猜猜猜	8795	3504	3377	8205	0.41	0.93	0.96
小猪佩奇	3570	3438	3358	3452	0.97	0.97	0.98
欢喜密探	6444	3393	3385	6399	0.53	0.99	1.00
幻城	5585	3292	3273	5257	0.62	0.94	0.99
最新电视剧	22906	3267	1803	11903	0.15	0.52	0.55
洪秀柱	7390	3195	2758	5912	0.47	0.80	0.86
微微一笑很倾城	7498	3149	3117	6989	0.45	0.93	0.99
锻刀	4961	3143	3131	4878	0.64	0.98	1.00
PPAP	4719	3077	2421	3319	0.73	0.70	0.79
天天向上	9354	3049	3041	9195	0.33	0.98	1.00
养个孩子不容易	4611	3044	3034	4424	0.69	0.96	1.00
美人为馅	7181	3042	2988	6974	0.43	0.97	0.98
火影忍者	8006	2995	2986	7818	0.38	0.98	1.00
双刺	4681	2986	2982	4537	0.66	0.97	1.00
微微一笑很倾城电视剧	5127	2961	2937	4931	0.60	0.96	0.99
甄嬛传	3760	2903	2903	3679	0.79	0.98	1.00
拼板机	12	2876	2876	12	239.67	1.00	1.00
警匪悬疑电视剧	13876	2696	1536	5413	0.28	0.39	0.57
小别离	3828	2669	2660	3756	0.71	0.98	1.00
海贼王	5140	2650	2610	4986	0.52	0.97	0.98
爱情万万岁	3956	2647	2646	3937	0.67	1.00	1.00
蜂鸟	6120	2635	2627	6065	0.43	0.99	1.00
爸爸去哪儿	8516	2560	2554	8438	0.30	0.99	1.00
彝海结盟 电视剧	2555	2465	2440	2480	0.98	0.97	0.99
太太万岁 电视剧	3453	2426	2426	3424	0.71	0.99	1.00
珠海航展2016	5956	2395	2059	5109	0.40	0.86	0.86
熊出没	4628	2298	2283	4531	0.50	0.98	0.99
金星秀	5323	2270	2248	5212	0.43	0.98	0.99
妻子发现丈夫与陌生女人聊天 被罚带文胸跪榴莲	7401	2261	2261	7401	0.31	1.00	1.00
我的世界	5083	2232	1609	3531	0.46	0.69	0.72
天籁之战	4774	2190	2172	4633	0.47	0.97	0.99
三级片	11870	2186	1904	9998	0.19	0.84	0.87
麻雀电视剧	2642	2172	2171	2574	0.84	0.97	1.00
爱情保卫战	5209	2136	1913	4407	0.43	0.85	0.90
老梁故事汇	6154	2115	1924	5396	0.36	0.88	0.91
遥远的婚约	2668	2089	2071	2512	0.82	0.94	0.99
湄公河大案	3581	2088	2087	3560	0.59	0.99	1.00
青云志 电视剧	2818	2077	2072	2769	0.75	0.98	1.00
暗战危城	4891	2045	2012	4623	0.44	0.95	0.98
郭德纲	4799	2041	1872	4122	0.45	0.86	0.92
画江湖之不良人	4411	2039	2028	4288	0.47	0.97	0.99
琅琊榜	2830	2002	1993	2739	0.73	0.97	1.00
古装历史电视剧	12756	1974	934	4038	0.23	0.32	0.47
真正男子汉	4960	1967	1965	4925	0.40	0.99	1.00
定制幸福	3706	1903	1898	3685	0.52	0.99	1.00
步步惊心丽	4235	1876	1835	4062	0.45	0.96	0.98
双刺电视剧	2551	1863	1859	2507	0.74	0.98	1.00
卓伟直播爆了娱乐圈52个料	9587	1827	1781	9234	0.19	0.96	0.97
鹿鼎记2(神龙教)	5408	1805	1707	5119	0.33	0.95	0.95
炮神	2843	1783	1781	2813	0.63	0.99	1.00
一年级毕业季	4153	1769	1751	4072	0.43	0.98	0.99
电影	6290	1755	1067	3717	0.29	0.59	0.61
军情解码	5442	1750	1739	5326	0.33	0.98	0.99
宋小宝小品搞笑大全	4211	1730	1339	3178	0.42	0.75	0.77
都市家庭电视剧	10636	1712	911	3904	0.23	0.37	0.53
人民检察官	3271	1710	1709	3240	0.53	0.99	1.00
何炅受伤紧急做手术	7058	1688	1688	7058	0.24	1.00	1.00
陈二狗的妖孽人生	4321	1687	1670	4100	0.41	0.95	0.99
傻儿传奇之抗战到底	3200	1668	1653	3057	0.54	0.96	0.99
锻刀电视剧	2405	1626	1624	2391	0.68	0.99	1.00
汪汪队立大功第二季	2479	1621	1596	2452	0.65	0.99	0.98
胭脂电视剧	2358	1612	1612	2334	0.69	0.99	1.00
歼20珠海航展	1774	1609	1521	1651	0.92	0.93	0.95
遥远的距离	2487	1587	1579	2403	0.66	0.97	0.99
湄公河大案电视剧34	2267	1582	1582	2264	0.70	1.00	1.00
爸爸去哪儿第四季	3991	1577	1570	3945	0.40	0.99	1.00
遥远的距离电视剧	2097	1519	1515	2044	0.74	0.97	1.00
美女	59143	1492	1049	57499	0.02	0.97	0.70
欢乐颂	2434	1485	1484	2413	0.62	0.99	1.00
超级飞侠	2710	1474	1458	2628	0.55	0.97	0.99
彝海结盟	1867	1468	1452	1743	0.83	0.93	0.99
猎刃	2474	1461	1459	2462	0.59	1.00	1.00
七月与安生	5731	1461	1401	5345	0.26	0.93	0.96
王者荣耀	3549	1450	1262	3206	0.39	0.90	0.87
锵锵三人行	4484	1424	1410	4415	0.32	0.98	0.99
中国式闹婚惹外媒热议	2391	1410	1388	2224	0.62	0.93	0.98
亲爱的翻译官	1669	1399	1399	1661	0.84	1.00	1.00
我和我的传奇奶奶	1972	1389	1388	1869	0.74	0.95	1.00
快乐大本营最新一期	4268	1374	1371	4195	0.33	0.98	1.00
奥特曼	2829	1365	1145	2326	0.49	0.82	0.84
ppap神曲	2367	1338	1126	1885	0.60	0.80	0.84
镇魂街	3521	1336	1333	3446	0.39	0.98	1.00
今夜百乐门	5674	1331	1267	5354	0.24	0.94	0.95
绝命后卫师	2616	1315	1310	2540	0.52	0.97	1.00
秦时明月之君临天下5	3260	1312	1310	3239	0.40	0.99	1.00
平凡的世界	1591	1307	1303	1566	0.83	0.98	1.00
黄金单身汉	2745	1304	1302	2676	0.49	0.97	1.00
wwe	4052	1290	1197	3626	0.33	0.89	0.93
小米mix	1540	1258	1095	1277	0.86	0.83	0.87
长征	2518	1244	1135	2191	0.52	0.87	0.91
如果蜗牛有爱情电视剧	2323	1244	1240	2284	0.54	0.98	1.00
经典传奇	3241	1237	1119	2735	0.41	0.84	0.90
猪猪侠	2739	1231	1209	2685	0.45	0.98	0.98
妻子的谎言	1672	1230	1229	1651	0.74	0.99	1.00
超星星学园	2381	1216	1215	2372	0.51	1.00	1.00
非诚勿扰	2959	1213	1194	2818	0.42	0.95	0.98
驴得水	3864	1213	1135	3548	0.32	0.92	0.94
天龙八部	2180	1200	1190	2119	0.56	0.97	0.99
琅琊榜电视剧	1447	1193	1193	1436	0.83	0.99	1.00
广场舞	4146	1184	750	2403	0.31	0.58	0.63
少帅	1300	1183	1183	1295	0.91	1.00	1.00
甄嬛传电视剧76集	1328	1174	1174	1324	0.89	1.00	1.00
爱情公寓	2306	1173	1171	2277	0.51	0.99	1.00
盗墓笔记	3293	1169	1166	3225	0.36	0.98	1.00
朴槿惠陷“闺蜜门”	6251	1167	1161	6160	0.19	0.99	0.99
赌神2	3293	1161	951	2977	0.32	0.90	0.82
上错花轿之三嫁奇缘	2305	1158	1156	2275	0.51	0.99	1.00
饭局的诱惑	2546	1157	1157	2538	0.46	1.00	1.00
定制幸福 电视剧	2222	1151	1149	2210	0.52	0.99	1.00
卧虎电视剧	1209	1144	1144	1207	0.95	1.00	1.00
running man	2820	1140	1140	2801	0.41	0.99	1.00
习近平会见洪秀柱	2005	1136	1096	1827	0.60	0.91	0.96
金牌调解	2245	1135	1091	2065	0.53	0.92	0.96
欢乐喜剧人	5244	1133	1047	4905	0.21	0.94	0.92
小公主苏菲亚	717	1132	1127	682	1.65	0.95	1.00
蓝瘦香菇	1764	1131	1057	1504	0.70	0.85	0.93
伪装者	1433	1125	1125	1388	0.81	0.97	1.00
炮神电视剧	1536	1112	1112	1518	0.73	0.99	1.00
小米note2	2335	1103	854	1851	0.46	0.79	0.77
西游记	2504	1096	1093	2360	0.46	0.94	1.00
名侦探柯南	1780	1088	1081	1742	0.62	0.98	0.99
宜昌保卫战	1915	1086	1082	1856	0.58	0.97	1.00
少女龙婆	3744	1083	1083	3744	0.29	1.00	1.00
四大名助	2218	1083	1081	2177	0.50	0.98	1.00
傻儿传奇	1736	1081	1078	1705	0.63	0.98	1.00
伏击电视剧	1804	1066	1045	1750	0.60	0.97	0.98
skt vs ssg	1765	1061	1012	1711	0.59	0.97	0.95
杉杉来了	1387	1044	1044	1366	0.76	0.98	1.00
且行且珍惜电视剧	1437	1043	1043	1431	0.73	1.00	1.00
完美告白	2945	1030	918	2328	0.39	0.79	0.89
芈月传	1288	1030	1029	1242	0.83	0.96	1.00
歼-20	1482	1028	987	1361	0.73	0.92	0.96
龙珠超	3776	1028	1022	3592	0.28	0.95	0.99
珠海航展歼20	1132	1021	997	1082	0.92	0.96	0.98
朴槿惠	2450	1020	911	1915	0.48	0.78	0.89
武林风	2609	1020	983	2539	0.39	0.97	0.96
大头儿子小头爸爸	2067	995	973	1985	0.49	0.96	0.98
洪秀柱访问大陆	1653	985	922	1373	0.67	0.83	0.94
我是特种兵	2185	977	977	2152	0.45	0.98	1.00
林正英电影国语	1613	970	793	818	0.97	0.51	0.82
妻子的秘密	1536	969	967	1525	0.63	0.99	1.00
猎刃电视剧	1499	968	967	1495	0.65	1.00	1.00
我不是妖怪	2236	968	967	2188	0.44	0.98	1.00
我要上蒙面	2080	966	962	2057	0.47	0.99	1.00
三国演义	1989	962	955	1919	0.50	0.96	0.99
笑傲江湖	3725	960	950	3514	0.27	0.94	0.99
熊出没之过年	2922	950	898	2628	0.34	0.90	0.95
骡子和金子	2117	947	940	2062	0.46	0.97	0.99
十八届六中全会	2183	947	833	1844	0.45	0.84	0.88
我是红军	1742	944	937	1680	0.56	0.96	0.99
周星驰电影	1880	939	532	849	0.63	0.45	0.57
金星脱口秀	1939	937	928	1911	0.49	0.99	0.99
珠海航展 歼20	1209	933	911	1159	0.79	0.96	0.98
僵尸电影	2107	930	541	817	0.66	0.39	0.58
洪秀柱拜谒中山陵	2853	922	902	2756	0.33	0.97	0.98
华晨宇我的滑板鞋	1486	918	899	1446	0.62	0.97	0.98
太太万岁	1332	917	915	1301	0.70	0.98	1.00
跨界喜剧王	2902	916	878	2792	0.31	0.96	0.96
岳云鹏	2353	909	813	1846	0.44	0.78	0.89
宋小宝	2186	901	725	1641	0.44	0.75	0.80
爸爸去哪儿4期	2527	893	893	2525	0.35	1.00	1.00
刘翔新欢旧爱开撕	5456	892	888	5394	0.16	0.99	1.00
2016珠海航展	2374	891	683	1907	0.36	0.80	0.77
古惑仔1(人在江湖)	2454	886	817	2389	0.34	0.97	0.92
傻根进城	2230	882	850	2185	0.39	0.98	0.96
我的滑板鞋 华晨宇	1490	869	861	1445	0.60	0.97	0.99
球球大作战	1615	862	711	1355	0.52	0.84	0.82
j20	1702	857	844	1659	0.51	0.97	0.98
韩国女主播	2526	856	365	837	0.44	0.33	0.43
一转成双	2101	856	786	1768	0.44	0.84	0.92
亲爱的公主病	1469	848	846	1459	0.58	0.99	1.00
s6总决赛	3880	846	801	3696	0.22	0.95	0.95
做爱	2584	845	602	1786	0.34	0.69	0.71
永远在路上	1993	839	816	1887	0.43	0.95	0.97
红星照耀中国	1973	834	832	1866	0.45	0.95	1.00
武林外传	1102	833	833	1101	0.76	1.00	1.00
海底小纵队	1374	828	776	1263	0.61	0.92	0.94
一年级	2243	827	822	2213	0.37	0.99	0.99
今日说法	2037	826	826	2016	0.41	0.99	1.00
岳云鹏孙越爆笑相声	1770	826	739	1466	0.50	0.83	0.89
花千骨	936	823	822	923	0.89	0.99	1.00
好家伙	1653	820	819	1645	0.50	1.00	1.00
釜山行	5502	819	774	5169	0.15	0.94	0.95
我的二哥二嫂 电视剧	866	817	816	852	0.96	0.98	1.00
我的特工爷爷	1800	817	814	1772	0.46	0.98	1.00
猪猪侠之梦想守卫者	1412	817	814	1320	0.62	0.93	1.00
曹赟定	1401	815	695	1130	0.62	0.81	0.85
	309	814	814	309	2.63	1.00	1.00
蜡笔小新	1677	814	811	1629	0.50	0.97	1.00
挖掘机视频表演	1264	812	553	713	0.78	0.56	0.68
极限特工3(终极回归)	7590	810	804	7431	0.11	0.98	0.99
w两个世界	1918	807	786	1872	0.42	0.98	0.97
中国式闹婚	1573	804	780	1249	0.62	0.79	0.97
闹婚	2310	803	638	948	0.67	0.41	0.79
全职法师	1831	792	792	1816	0.44	0.99	1.00
强奸	2407	789	466	1184	0.39	0.49	0.59
安居	1484	783	783	1479	0.53	1.00	1.00
配种	1637	776	436	516	0.84	0.32	0.56
亮剑	1273	768	767	1250	0.61	0.98	1.00
奔跑吧兄弟	1339	766	764	1327	0.58	0.99	1.00
东方战场	933	761	759	928	0.82	0.99	1.00
我们来了	1703	746	746	1676	0.45	0.98	1.00
最佳前男友	1057	745	745	1035	0.72	0.98	1.00
大耳朵图图	1375	733	733	1352	0.54	0.98	1.00
董明珠	1442	731	631	1067	0.59	0.74	0.86
珠海航展直播	2413	730	685	2263	0.30	0.94	0.94
dj舞曲 超劲爆	2272	728	447	1036	0.43	0.46	0.61
ps教程	2102	723	637	1679	0.38	0.80	0.88
政委	1319	723	723	1313	0.55	1.00	1.00
新白娘子传奇	2812	712	623	2428	0.26	0.86	0.88
搞笑视频	2080	711	563	1649	0.34	0.79	0.79
还是夫妻	1012	710	709	994	0.71	0.98	1.00
真正男子汉第一季	1994	706	706	1959	0.36	0.98	1.00
斗鱼tv	5062	704	703	5019	0.14	0.99	1.00
丝袜	2561	702	278	897	0.31	0.35	0.40
欢喜密探 电视剧	1319	701	701	1316	0.53	1.00	1.00
豫剧	2129	701	430	1165	0.37	0.55	0.61
贝瓦儿歌	1136	696	692	1071	0.65	0.94	0.99
中南海保镖	2336	696	664	2147	0.31	0.92	0.95
熊出没之秋日团团转	1367	695	682	1257	0.54	0.92	0.98
湄公河行动	5674	694	649	5278	0.12	0.93	0.94
J20	1533	691	684	1476	0.46	0.96	0.99
寒山令 电视剧	1161	687	687	1150	0.60	0.99	1.00
伏击	1644	685	683	1621	0.42	0.99	1.00
相声	1775	684	485	1270	0.38	0.72	0.71
我的滑板鞋	1287	683	647	1104	0.59	0.86	0.95
解密	1027	682	679	994	0.68	0.97	1.00
亲密的搭档	1109	678	678	1058	0.64	0.95	1.00
爱人的谎言	899	676	673	884	0.76	0.98	1.00
陆垚知马俐	4713	676	657	4199	0.16	0.89	0.97
千金归来	855	676	673	832	0.81	0.97	1.00
小别离电视剧	948	675	673	943	0.71	0.99	1.00
正阳门下	1028	675	672	977	0.69	0.95	1.00
华为平板 m3	10174	674	674	10170	0.07	1.00	1.00
极乐净土	1896	673	357	909	0.39	0.48	0.53
幼儿舞蹈	1718	672	369	802	0.46	0.47	0.55
熊出没之丛林总动员	1532	664	641	1471	0.44	0.96	0.97
挖掘机	1176	660	408	857	0.48	0.73	0.62
小苹果	1644	651	546	1068	0.51	0.65	0.84
毛泽东	1529	644	502	916	0.55	0.60	0.78
风油精	1120	643	294	397	0.74	0.35	0.46
习近平	2990	643	303	1079	0.28	0.36	0.47
航展	1168	638	598	1082	0.55	0.93	0.94
云画的月光	1119	638	634	1104	0.57	0.99	0.99
神舟十一号	1231	635	569	1008	0.56	0.82	0.90
突围突围	974	632	632	962	0.66	0.99	1.00
彭德怀元帅	933	631	629	925	0.68	0.99	1.00
性感美女	1766	627	458	1186	0.39	0.67	0.73
美女写真	1487	622	437	785	0.56	0.53	0.70
末日人机	1134	622	599	1109	0.54	0.98	0.96
Mate9 Pro	5618	621	621	5618	0.11	1.00	1.00
如果我爱你	1181	620	616	1037	0.59	0.88	0.99
张全蛋	818	619	480	626	0.77	0.77	0.78
珠海航展开幕	1183	617	594	1072	0.55	0.91	0.96
电视剧	4952	613	428	3068	0.14	0.62	0.70
卧虎	681	613	613	679	0.90	1.00	1.00
奥特曼国语版	1229	611	572	1120	0.51	0.91	0.94
美女热舞	2515	607	246	800	0.31	0.32	0.41
守望先锋	1305	603	532	1161	0.46	0.89	0.88
成龙电影大全国语版	1063	602	311	416	0.75	0.39	0.52
歼20珠海航展首亮相视频	886	602	593	859	0.69	0.97	0.99
红色	864	599	599	862	0.69	1.00	1.00
华为Mate9 Pro	6911	598	598	6911	0.09	1.00	1.00
水浒传	1082	598	592	1012	0.58	0.94	0.99
赵本山小品	1294	596	483	900	0.54	0.70	0.81
他来了请闭眼	1140	594	594	1120	0.53	0.98	1.00
蒙面歌王	1982	589	578	1893	0.31	0.96	0.98
旋风少女第二季	1010	585	583	966	0.60	0.96	1.00
了不起的孩子	1370	579	567	1324	0.43	0.97	0.98
雪姨被骂乱伦	2016	579	579	2016	0.29	1.00	1.00
恐龙	1393	577	362	936	0.39	0.67	0.63
儿童舞蹈	1195	567	411	777	0.53	0.65	0.72
seve	828	566	317	446	0.71	0.54	0.56
万圣节	1460	561	430	1166	0.37	0.80	0.77
跟我回家	785	559	559	783	0.71	1.00	1.00
雪豹	864	559	559	850	0.66	0.98	1.00
视频	4158	558	488	3794	0.13	0.91	0.87
,性交	1571	557	543	1378	0.39	0.88	0.97
你是我的姐妹	754	556	554	747	0.74	0.99	1.00
遇见王沥川国语	752	556	555	741	0.75	0.99	1.00
郑多燕减肥瘦身操	1142	556	474	889	0.53	0.78	0.85
闹伴娘	1369	552	294	525	0.56	0.38	0.53
轻松搞笑电视剧	2799	552	357	1293	0.28	0.46	0.65
太阳的后裔	1068	552	541	1025	0.53	0.96	0.98
好先生	887	549	544	878	0.62	0.99	0.99
锦绣未央	1312	546	506	1226	0.41	0.93	0.93
芈月传 电视剧	626	546	546	622	0.88	0.99	1.00
beautyleg	1371	545	252	559	0.45	0.41	0.46
动物交配全集高清版	751	545	293	219	1.34	0.29	0.54
从你的全世界路过	3063	543	537	2969	0.18	0.97	0.99
步步惊心	1049	541	539	1022	0.53	0.97	1.00
灰姑娘与4骑士	1019	539	539	1011	0.53	0.99	1.00
康熙王朝	833	539	531	771	0.69	0.93	0.99
马蓉	1381	539	468	1049	0.45	0.76	0.87
汪汪队立大功	816	536	527	801	0.66	0.98	0.98
赤裸特工	1429	534	498	1306	0.38	0.91	0.93
大王叫我来巡山	1279	533	425	918	0.46	0.72	0.80
乡村爱情8	1468	533	529	1435	0.37	0.98	0.99
running man 2016	1306	532	531	1288	0.41	0.99	1.00
雇佣兵	4563	532	518	4450	0.12	0.98	0.97
非你莫属	1386	531	523	1370	0.38	0.99	0.98
一人我饮酒醉	1094	531	319	625	0.51	0.57	0.60
机械师	1165	524	524	1160	0.45	1.00	1.00
打屁股	2008	523	140	562	0.25	0.28	0.27
幻城 电视剧	604	523	519	599	0.87	0.99	0.99
何以笙箫默 电视剧	803	522	522	802	0.65	1.00	1.00
小米MIX	544	522	419	434	0.97	0.80	0.80
亮剑 李幼斌	851	517	516	835	0.62	0.98	1.00
大声说出来	1302	514	508	1181	0.43	0.91	0.99
动画	1227	514	352	749	0.47	0.61	0.68
光影电视剧	715	514	514	714	0.72	1.00	1.00
鬼步舞	911	513	370	549	0.67	0.60	0.72
nba	2145	510	455	1936	0.24	0.90	0.89
少年包青天	751	510	510	750	0.68	1.00	1.00
柔术	1968	509	184	436	0.42	0.22	0.36
mc天佑	1426	505	321	834	0.38	0.58	0.64
猫和老鼠	1427	505	465	1142	0.41	0.80	0.92
董力	1045	504	275	526	0.52	0.50	0.55
极限挑战	1183	504	504	1179	0.43	1.00	1.00
你好乔安 电视剧	817	503	503	813	0.62	1.00	1.00
麻辣变形计	890	501	501	823	0.61	0.92	1.00
人体艺术	1656	501	395	988	0.40	0.60	0.79
反贪风暴2	4432	500	496	4329	0.11	0.98	0.99
鬼片	1637	500	310	613	0.51	0.37	0.62
越剧	1942	500	270	954	0.28	0.49	0.54
米奇妙妙屋	1012	496	485	884	0.55	0.87	0.98
金灿荣	1032	495	376	761	0.49	0.74	0.76
恐怖电影	1468	495	258	517	0.50	0.35	0.52
文明6	978	495	472	911	0.52	0.93	0.95
一站到底	1183	495	490	1162	0.42	0.98	0.99
余罪	2473	493	465	2338	0.20	0.95	0.94
不良人电视剧	1330	492	492	1305	0.38	0.98	1.00
英雄联盟	1306	492	480	1286	0.37	0.98	0.98
良辰之屋2	6287	491	491	6287	0.08	1.00	1.00
兰陵王妃	1775	490	458	1660	0.28	0.94	0.93
使徒行者	1487	490	488	1469	0.33	0.99	1.00
伪装者电视剧	619	490	490	619	0.79	1.00	1.00
潜伏	829	488	486	817	0.59	0.99	1.00
等着我	1692	487	456	1521	0.30	0.90	0.94
昆仑决	1434	487	473	1380	0.34	0.96	0.97
林正英电影大全列表	789	486	305	374	0.82	0.47	0.63
NBA	1594	485	440	1476	0.30	0.93	0.91
爆笑虫子	729	485	480	688	0.70	0.94	0.99
闹洞房脱光	1126	485	243	533	0.46	0.47	0.50
秦时明月	1264	484	483	1252	0.39	0.99	1.00
赵本山小品全集高清	1394	484	302	835	0.36	0.60	0.62
阴阳师	1183	483	455	1126	0.40	0.95	0.94
儿歌	798	482	449	715	0.63	0.90	0.93
安居电视剧	837	480	480	806	0.60	0.96	1.00
红旗漫卷西风	1032	480	472	963	0.49	0.93	0.98
一龙	669	480	399	549	0.73	0.82	0.83
好家伙 电视剧	693	478	477	690	0.69	1.00	1.00
ufc	1404	476	355	959	0.37	0.68	0.75
尹素婉	1222	474	243	503	0.48	0.41	0.51
董明珠发飙视频	821	471	458	774	0.59	0.94	0.97
伊素婉	1134	471	285	520	0.55	0.46	0.61
政委电视剧	823	470	470	819	0.57	1.00	1.00
灵魂摆渡	1637	469	469	1626	0.29	0.99	1.00
托马斯和他的朋友们	908	468	444	824	0.54	0.91	0.95
奇异博士	1218	467	455	1174	0.39	0.96	0.97
wwe高柏	1030	465	328	640	0.51	0.62	0.71
出关	637	465	463	630	0.73	0.99	1.00
倒霉熊	836	462	457	821	0.56	0.98	0.99
吉他弹唱	1433	461	188	583	0.32	0.41	0.41
傻根进城 电视剧	1153	461	415	1123	0.37	0.97	0.90
她被称为最性感数学老师	3251	460	439	2895	0.15	0.89	0.95
充气娃娃实战视频播放	1384	457	379	1155	0.33	0.83	0.83
梦幻西游	1141	457	440	1071	0.41	0.94	0.96
2016英雄联盟全球总决赛	1128	456	405	995	0.41	0.88	0.89
宋小宝小品	785	456	351	587	0.60	0.75	0.77
植物大战僵尸	941	455	292	451	0.65	0.48	0.64
妖精的尾巴	920	454	450	893	0.50	0.97	0.99
隐藏的歌手	953	454	452	940	0.48	0.99	1.00
太行山上电视剧	670	452	452	666	0.68	0.99	1.00
寻情记	919	451	447	912	0.49	0.99	0.99
姑父性侵6岁侄女1年	1371	450	420	1248	0.34	0.91	0.93
王凯	1287	450	407	1135	0.36	0.88	0.90
2016珠海航展视频	909	449	377	738	0.51	0.81	0.84
粉红猪小妹	636	449	429	607	0.71	0.95	0.96
鲁豫有约大咖一日行	2749	449	343	2310	0.15	0.84	0.76
青云志55集预告	1306	448	441	1192	0.37	0.91	0.98
正阳门下电视剧全部	594	446	444	592	0.75	1.00	1.00
苹果 范冰冰版	968	445	433	888	0.49	0.92	0.97
如果爱	891	444	443	887	0.50	1.00	1.00
小沈龙	791	444	370	606	0.61	0.77	0.83
征服	704	444	444	688	0.65	0.98	1.00
千里雷声万里闪	767	440	435	759	0.57	0.99	0.99
今日关注	1364	439	423	1218	0.35	0.89	0.96
情谜睡美人	606	439	436	491	0.89	0.81	0.99
红色护卫	1227	437	433	1166	0.37	0.95	0.99
李小龙	893	435	382	686	0.56	0.77	0.88
中国西部刑侦大案纪实	1195	435	382	1053	0.36	0.88	0.88
结婚为什么	532	434	434	527	0.82	0.99	1.00
请回答1988	899	434	430	792	0.54	0.88	0.99
苗阜王声相声大全	828	433	341	663	0.51	0.80	0.79
战地1	887	432	369	793	0.47	0.89	0.85
代号	733	431	431	729	0.59	0.99	1.00
玩命剧组	2012	431	420	1966	0.21	0.98	0.97
嫁个老公过日子	608	428	428	606	0.71	1.00	1.00
蒙面唱将	1248	428	395	989	0.40	0.79	0.92
wwe美国职业摔角	1078	426	373	902	0.41	0.84	0.88
直击珠海航展	947	426	390	882	0.44	0.93	0.92
东北二人转	1696	425	259	908	0.29	0.54	0.61
七夜追魂	2552	425	425	2507	0.17	0.98	1.00
千金女贼	710	424	424	651	0.65	0.92	1.00
中国式闹婚惹热议	870	424	421	838	0.50	0.96	0.99
警花与警犬	700	422	422	658	0.64	0.94	1.00
珠海航展歼20飞行视频	654	422	393	609	0.65	0.93	0.93
歼20 珠海	619	421	385	583	0.66	0.94	0.91
社会摇	1090	421	314	649	0.48	0.60	0.75
今晚80后脱口秀	1003	419	417	991	0.42	0.99	1.00
非常完美	1262	418	391	1068	0.37	0.85	0.94
张雪峰	905	418	364	667	0.55	0.74	0.87
真正男子汉第一期	1264	418	417	1258	0.33	1.00	1.00
左眼诡事	887	418	418	877	0.48	0.99	1.00
excel教程	787	417	391	752	0.52	0.96	0.94
半妖倾城	748	417	417	742	0.56	0.99	1.00
神雕侠侣	933	417	417	925	0.45	0.99	1.00
唐唐big笑工坊	822	417	408	797	0.51	0.97	0.98
动画片大全电影	810	416	245	367	0.67	0.45	0.59
韩国女主播热舞引诱	1445	416	173	621	0.28	0.43	0.42
陈翔六点半	977	415	396	888	0.45	0.91	0.95
女怕嫁错郎	680	415	415	678	0.61	1.00	1.00
中国新歌声	1939	415	367	1545	0.24	0.80	0.88
床戏	947	414	246	501	0.49	0.53	0.59
父母爱情	621	414	414	613	0.68	0.99	1.00
小品	1350	414	253	848	0.30	0.63	0.61
告白气球	978	412	300	696	0.43	0.71	0.73
欧布奥特曼	776	411	398	710	0.56	0.91	0.97
完美告白2016最新一期	1471	410	400	1291	0.31	0.88	0.98
画江湖之不良人第二季	1209	408	407	1199	0.34	0.99	1.00
冲击压路机	65	406	18	18	1.00	0.28	0.04
封神榜	1140	406	399	1072	0.37	0.94	0.98
和充气娃做的过程	1494	406	367	1233	0.30	0.83	0.90
小戏骨白蛇传	1176	406	325	936	0.35	0.80	0.80
新边城浪子	602	406	406	602	0.67	1.00	1.00
blackpink	1442	405	337	1210	0.28	0.84	0.83
搞笑	1347	405	306	1055	0.29	0.78	0.76
恋恋不忘	530	404	404	528	0.77	1.00	1.00
食神	2620	404	401	2561	0.16	0.98	0.99
王宝强	1917	404	336	1431	0.23	0.75	0.83
古惑仔2(猛龙过江)	1431	403	367	1395	0.26	0.97	0.91
火车	742	403	274	498	0.55	0.67	0.68
叶罗丽精灵梦第四季	1019	402	393	954	0.41	0.94	0.98
g点	1396	401	326	1091	0.30	0.78	0.81
wwe2016最新赛事	1883	401	378	1747	0.22	0.93	0.94
奔跑吧兄弟第四季	1621	401	401	1562	0.26	0.96	1.00
陆贞传奇	560	401	401	557	0.72	0.99	1.00
到爱的距离	514	396	396	508	0.78	0.99	1.00
超级保镖	859	390	382	841	0.45	0.98	0.98
怒火英雄	497	390	390	494	0.79	0.99	1.00
盗墓笔记电影	1478	389	384	1358	0.28	0.92	0.99
女大学生裸身坠亡	1279	388	382	1247	0.31	0.97	0.98
蜗牛的爱情	679	388	388	676	0.57	1.00	1.00
dj	1562	387	201	648	0.31	0.41	0.52
蜡笔小新国语	481	385	385	478	0.81	0.99	1.00
美人心计	541	385	385	539	0.71	1.00	1.00
我爱男保姆	430	385	385	430	0.90	1.00	1.00
ssw锤石皮肤	749	384	384	749	0.51	1.00	1.00
四平青年2(二龙湖浩哥之风云再起)	1337	384	372	1263	0.29	0.94	0.97
tfboys	1363	383	286	959	0.30	0.70	0.75
还珠格格	1080	383	383	1077	0.36	1.00	1.00
开讲啦	1036	383	362	943	0.38	0.91	0.95
车祸	590	382	321	495	0.65	0.84	0.84
基督教舞蹈	806	381	117	309	0.38	0.38	0.31
无脸男	589	381	356	512	0.70	0.87	0.93
暴走大事件	907	380	379	899	0.42	0.99	1.00
步步惊心丽20预告	1480	380	366	1437	0.25	0.97	0.96
经典三级电影	3045	380	360	2742	0.13	0.90	0.95
太子妃升职记	614	380	378	556	0.68	0.91	0.99
瑜伽	1511	380	245	827	0.30	0.55	0.64
橘子果酱	880	380	377	853	0.44	0.97	0.99
苗阜	709	378	280	464	0.60	0.65	0.74
科比	848	376	293	587	0.50	0.69	0.78
挖土机	532	376	277	375	0.74	0.70	0.74
军情观察室	1516	375	368	1466	0.25	0.97	0.98
小罗恶搞	425	374	144	224	0.64	0.53	0.39
错点鸳鸯	704	373	370	659	0.56	0.94	0.99
我是歌手	1072	373	369	1019	0.36	0.95	0.99
十二道锋味	1003	372	369	986	0.37	0.98	0.99
小米note2评测	819	372	340	687	0.49	0.84	0.91
海绵宝宝	792	371	360	763	0.47	0.96	0.97
神探狄仁杰	673	371	371	654	0.57	0.97	1.00
红楼梦	916	370	363	857	0.42	0.94	0.98
画江湖第2部	1164	369	369	1140	0.32	0.98	1.00
猛鬼差馆	1290	369	341	1204	0.28	0.93	0.92
汪汪队	570	369	363	552	0.66	0.97	0.98
于震电视剧大全	655	369	306	423	0.72	0.65	0.83
周杰伦	1532	369	236	807	0.29	0.53	0.64
奥沙利文	765	368	325	644	0.50	0.84	0.88
饥荒	796	368	344	752	0.46	0.94	0.93
李连杰电影大全	740	368	163	346	0.47	0.47	0.44
鬣狗	623	368	152	211	0.72	0.34	0.41
刘德华电影国语全部	1034	367	115	306	0.38	0.30	0.31
爱上夜蒲团	3135	366	343	3072	0.11	0.98	0.94
还珠格格第二部	639	366	361	517	0.70	0.81	0.99
大秧歌	549	365	364	546	0.67	0.99	1.00
挑战不可能	802	365	347	731	0.47	0.91	0.95
美人鱼	960	364	357	843	0.42	0.88	0.98
下一站婚姻	630	364	364	613	0.59	0.97	1.00
鹿鼎记	922	362	358	901	0.40	0.98	0.99
韩国伦理电影片大全	1164	361	261	725	0.36	0.62	0.72
我的团长我的团	494	361	356	479	0.74	0.97	0.99
习洪会	1806	360	321	1682	0.19	0.93	0.89
性交	955	360	333	774	0.43	0.81	0.93
动物交配	338	358	167	152	1.10	0.45	0.47
两个女人的战争	433	358	358	420	0.85	0.97	1.00
旋风少女	713	358	358	623	0.57	0.87	1.00
勇敢的心	532	358	357	527	0.68	0.99	1.00
张海宇	837	358	246	591	0.42	0.71	0.69
古惑仔	1183	357	352	1137	0.31	0.96	0.99
动物世界	1220	356	347	1077	0.32	0.88	0.97
古剑奇谭	576	356	355	524	0.68	0.91	1.00
歼20珠海航展视频	548	356	327	517	0.63	0.94	0.92
三生三世十里桃花	1114	356	344	1085	0.32	0.97	0.97
抓钱舞	500	353	333	404	0.82	0.81	0.94
2016珠海航展直播	848	351	283	732	0.39	0.86	0.81
歼-20亮相航展	433	351	349	412	0.85	0.95	0.99
打针	1210	350	120	368	0.33	0.30	0.34
骚男	783	350	318	711	0.45	0.91	0.91
东成西就	490	349	321	469	0.68	0.96	0.92
黎明之前	418	349	349	415	0.84	0.99	1.00
黑狐	613	348	348	607	0.57	0.99	1.00
射雕英雄传83版	524	348	347	513	0.68	0.98	1.00
不良人	665	347	347	662	0.52	1.00	1.00
结婚为什么 电视剧	359	347	347	359	0.97	1.00	1.00
lol	1173	346	313	1099	0.28	0.94	0.90
火蓝刀锋	617	345	345	615	0.56	1.00	1.00
恐龙世界	572	345	308	535	0.58	0.94	0.89
兰博基尼	747	345	222	336	0.66	0.45	0.64
初级瑜伽	643	344	333	598	0.56	0.93	0.97
欢乐喜剧人第三季2016	1671	344	337	1591	0.21	0.95	0.98
寻秦记	461	344	344	458	0.75	0.99	1.00
我的世界籽岷	910	342	238	508	0.47	0.56	0.70
背着奶奶进城	319	339	339	319	1.06	1.00	1.00
乡村爱情7	512	338	338	500	0.68	0.98	1.00
楚汉传奇	539	337	336	521	0.64	0.97	1.00
咱们结婚吧	633	337	336	618	0.54	0.98	1.00
净空法师	988	336	217	510	0.43	0.52	0.65
最好的我们	578	336	336	567	0.59	0.98	1.00
家有儿女	694	335	335	691	0.48	1.00	1.00
铁齿铜牙纪晓岚	569	334	334	566	0.59	0.99	1.00
笑傲江湖第三季	1155	334	296	908	0.33	0.79	0.89
植物大战僵尸2	573	334	175	248	0.71	0.43	0.52
传祺gs8	694	333	263	467	0.56	0.67	0.79
老电影	1348	333	129	421	0.31	0.31	0.39
现货白银	152	333	5	40	0.12	0.26	0.02
许华升搞笑视频大全	644	332	189	298	0.63	0.46	0.57
长沙保卫战	421	330	330	417	0.79	0.99	1.00
大秦帝国	471	330	327	455	0.72	0.97	0.99
二人转正戏全集	1486	330	171	461	0.37	0.31	0.52
马云演讲	1003	330	285	703	0.41	0.70	0.86
hello女神	858	329	329	850	0.39	0.99	1.00
屌丝男士	732	329	329	720	0.46	0.98	1.00
三国演义老版本84	504	328	328	502	0.65	1.00	1.00
特警力量	535	328	327	510	0.64	0.95	1.00
调皮王妃	491	327	326	476	0.68	0.97	1.00
小幸运	798	327	208	532	0.39	0.67	0.64
成龙电影	601	326	165	266	0.62	0.44	0.51
外围女	564	326	228	381	0.60	0.68	0.70
火星情报局	868	325	325	848	0.38	0.98	1.00
歼20 珠海航展	394	325	312	385	0.81	0.98	0.96
现货原油	160	325	14	22	0.64	0.14	0.04
lol末日人机	528	324	323	523	0.62	0.99	1.00
宝骏310	490	324	194	300	0.65	0.61	0.60
动物性行为	506	324	164	198	0.83	0.39	0.51
猫和老鼠 TV版	1017	324	302	963	0.31	0.95	0.93
长征胜利80周年	744	323	240	529	0.45	0.71	0.74
极限挑战第三季	905	323	323	901	0.36	1.00	1.00
美国大选	722	323	305	628	0.49	0.87	0.94
小公主苏菲亚第二季	197	323	323	193	1.67	0.98	1.00
街舞	686	322	281	511	0.55	0.74	0.87
万圣节的由来	394	322	279	350	0.80	0.89	0.87
王健林	797	322	217	491	0.44	0.62	0.67
超少年密码	475	321	319	466	0.68	0.98	0.99
怒火英雄 电视剧	342	321	321	342	0.94	1.00	1.00
致青春	617	321	321	616	0.52	1.00	1.00
神犬小七第二季	505	320	308	463	0.67	0.92	0.96
蜗牛也有爱情	3471	320	307	3413	0.09	0.98	0.96
apple pen	655	319	241	494	0.49	0.75	0.76
钓鱼	652	319	237	446	0.53	0.68	0.74
一线	686	319	319	680	0.47	0.99	1.00
faded	741	318	241	492	0.49	0.66	0.76
搭错车	520	318	318	512	0.62	0.98	1.00
公益广告	603	318	204	345	0.59	0.57	0.64
欢乐颂电视剧	518	318	318	501	0.63	0.97	1.00
企业宣传片	593	318	218	357	0.61	0.60	0.69
汪汪队立大功第三季	502	318	317	498	0.64	0.99	1.00
飞哥大英雄	374	317	317	353	0.90	0.94	1.00
冠道	503	317	235	393	0.60	0.78	0.74
乔家大院	366	317	315	351	0.90	0.96	0.99
色戒 汤唯版 电影完整	808	317	293	684	0.43	0.85	0.92
上错花轿嫁对郎	604	317	317	595	0.53	0.99	1.00
宜昌保卫战电视剧36	528	316	316	527	0.60	1.00	1.00
papi酱	500	315	295	449	0.66	0.90	0.94
se情片电影a及片	1283	315	219	971	0.23	0.76	0.70
大话西游3	2030	315	307	1980	0.16	0.98	0.97
大侠日天	662	315	314	656	0.48	0.99	1.00
名侦探柯南国语版	316	315	315	312	1.01	0.99	1.00
三国演义全部95集	660	315	315	652	0.48	0.99	1.00
综艺节目快乐大本营	813	315	311	796	0.39	0.98	0.99
冰妹	568	314	242	371	0.65	0.65	0.77
武庚纪	726	314	314	724	0.43	1.00	1.00
闯关东	440	313	312	425	0.73	0.97	1.00
飞虎神鹰	526	313	313	515	0.61	0.98	1.00
京剧	1004	313	226	705	0.32	0.70	0.72
中国惊奇先生	591	313	313	591	0.53	1.00	1.00
打狗棍	508	312	312	478	0.65	0.94	1.00
杉杉来了 全34集	364	312	312	356	0.88	0.98	1.00
海峡两岸	910	311	311	906	0.34	1.00	1.00
蚂蚱电视剧	406	311	311	405	0.77	1.00	1.00
一转成双2016最新一期	838	311	274	718	0.38	0.86	0.88
苏菲亚公主动画片中文版	183	310	308	178	1.73	0.97	0.99
我想和你唱	720	309	301	653	0.46	0.91	0.97
小猪佩奇第4季第53集	532	309	308	529	0.58	0.99	1.00
邮差	555	309	308	544	0.57	0.98	1.00
周云鹏	940	309	220	748	0.29	0.80	0.71
老家门口唱大戏	438	307	307	436	0.70	1.00	1.00
十八届六中全会公报	901	307	263	773	0.34	0.86	0.86
吴京电影	595	307	294	455	0.65	0.76	0.96
爱探险的朵拉	670	306	297	653	0.45	0.97	0.97
恐怖片	1035	306	174	379	0.46	0.37	0.57
逆流成河	554	306	195	326	0.60	0.59	0.64
唐唐脱口秀	554	305	299	552	0.54	1.00	0.98
我的新衣	810	305	304	807	0.38	1.00	1.00
灵异事件	486	304	193	326	0.59	0.67	0.63
美女与极品	589	304	303	580	0.52	0.98	1.00
十万个冷笑话	559	304	304	557	0.55	1.00	1.00
武神赵子龙	425	304	302	412	0.73	0.97	0.99
一生所爱	735	304	185	429	0.43	0.58	0.61
反恐特战队	488	303	301	448	0.67	0.92	0.99
命中注定我爱你	525	303	268	450	0.60	0.86	0.88
秀丽江山之长歌行	420	303	302	372	0.81	0.89	1.00
谭晓彤	600	302	116	287	0.40	0.48	0.38
天下足球	1005	302	299	979	0.31	0.97	0.99
愤怒的小鸟	772	301	284	696	0.41	0.90	0.94
武工队传奇	428	301	301	426	0.71	1.00	1.00
幼女	1195	301	290	1058	0.27	0.89	0.96
坑王驾到	928	300	254	857	0.30	0.92	0.85
湄公河	861	300	295	808	0.37	0.94	0.98
刀客家族的女人	434	299	298	387	0.77	0.89	1.00
我的世界小本解说	740	299	152	442	0.34	0.60	0.51
咋了爸爸	724	299	198	415	0.48	0.57	0.66
僵尸	3125	298	275	2848	0.10	0.91	0.92
武媚娘传奇	335	297	297	332	0.89	0.99	1.00
反贪风暴	860	296	295	857	0.34	1.00	1.00
猫和老鼠国语版	507	296	295	506	0.58	1.00	1.00
青云志55	1075	296	271	999	0.27	0.93	0.92
球球大作战手游	439	296	272	405	0.67	0.92	0.92
上海滩	519	296	293	510	0.57	0.98	0.99
铁血武工队传奇	461	296	294	445	0.66	0.97	0.99
头号前妻	418	296	296	414	0.71	0.99	1.00
古惑仔4(战无不胜)	867	293	290	862	0.34	0.99	0.99
灵契	645	293	293	622	0.47	0.96	1.00
老九门43	398	292	292	393	0.74	0.99	1.00
天线宝宝	588	292	290	546	0.53	0.93	0.99
魅蓝5	584	292	256	516	0.50	0.88	0.88
我是演说家	801	291	251	657	0.38	0.82	0.86
小猪佩奇 全集版	623	291	276	571	0.48	0.92	0.95
大秧歌电视剧	392	290	287	334	0.86	0.85	0.99
二胡独奏	679	290	104	264	0.39	0.39	0.36
郭德纲相声集锦	543	290	270	477	0.57	0.88	0.93
熊出没之夺宝熊兵	561	290	290	554	0.52	0.99	1.00
葫芦娃	533	289	284	517	0.55	0.97	0.98
迈克尔杰克逊	857	289	204	530	0.38	0.62	0.71
宋仲基	1051	289	264	933	0.28	0.89	0.91
泰森	449	289	214	300	0.71	0.67	0.74
致富经	633	289	289	624	0.46	0.99	1.00
两个女匪王	1478	288	284	1389	0.20	0.94	0.99
且行且珍惜	525	288	288	502	0.57	0.96	1.00
香肠派对	715	288	279	656	0.43	0.92	0.97
包贝尔	1029	287	283	1010	0.28	0.98	0.99
十送红军	508	287	257	397	0.65	0.78	0.90
谢文东	528	286	286	513	0.56	0.97	1.00
gs8	828	285	215	610	0.35	0.74	0.75
黄家驹	719	285	180	414	0.43	0.58	0.63
婚闹	674	285	172	292	0.59	0.43	0.60
僵尸先生	681	285	279	653	0.43	0.96	0.98
bigbang	905	284	206	653	0.32	0.72	0.73
蜗居 电视剧	310	284	284	310	0.92	1.00	1.00
新还珠格格	352	284	284	335	0.85	0.95	1.00
夜店三国	2255	284	270	2149	0.13	0.95	0.95
财经郎眼	917	283	281	879	0.32	0.96	0.99
老梁观世界	1020	283	210	774	0.27	0.76	0.74
一起来看流星雨	443	283	281	426	0.66	0.96	0.99
播求	560	282	216	420	0.51	0.75	0.77
解放	384	282	282	370	0.76	0.96	1.00
钢铁骑士	565	281	280	547	0.51	0.97	1.00
女医明妃传国语	321	281	281	316	0.89	0.98	1.00
蒲团之极乐宝鉴	663	281	265	571	0.46	0.86	0.94
天龙八部黄日华版	551	281	281	538	0.52	0.98	1.00
因为爱情有幸福	591	281	281	584	0.48	0.99	1.00
交配	380	280	124	146	0.85	0.38	0.44
少帅电视剧	339	280	280	332	0.84	0.98	1.00
百家讲坛	1134	279	231	906	0.25	0.80	0.83
克拉恋人	398	279	276	377	0.73	0.95	0.99
老司机带带我	487	279	224	410	0.55	0.84	0.80
F22	390	278	252	311	0.81	0.80	0.91
黄晓明	1077	278	170	637	0.27	0.59	0.61
无心法师	681	278	278	666	0.42	0.98	1.00
暗杀星ez	776	277	267	754	0.35	0.97	0.96
潮剧	1088	277	142	447	0.32	0.41	0.51
斗鱼	2060	277	276	2022	0.14	0.98	1.00
航展2016	559	277	256	490	0.52	0.88	0.92
灵域	1248	277	277	1241	0.22	0.99	1.00
盛夏晚晴天	345	276	274	329	0.83	0.95	0.99
黑猫警长	534	275	271	523	0.52	0.98	0.99
歼20珠海	411	275	266	392	0.68	0.95	0.97
隋唐演义	418	275	275	409	0.67	0.98	1.00
布洛克·莱斯纳	673	274	169	353	0.48	0.52	0.62
一个好人	1221	274	262	1193	0.22	0.98	0.96
一仆二主	415	274	274	413	0.66	1.00	1.00
surface studio	503	273	257	452	0.57	0.90	0.94
刘恺威主演的电视剧	362	273	211	264	0.80	0.73	0.77
士兵突击	504	273	273	481	0.57	0.95	1.00
俞凌雄	330	273	184	218	0.84	0.66	0.67
榜样	869	272	272	862	0.32	0.99	1.00
耿直男儿	431	272	247	357	0.69	0.83	0.91
习马会	595	272	213	375	0.57	0.63	0.78
档案	1099	271	251	875	0.29	0.80	0.93
迪迦奥特曼	495	271	263	478	0.55	0.97	0.97
李连杰	1443	271	227	1211	0.19	0.84	0.84
鲁豫有约	1049	271	228	836	0.27	0.80	0.84
云南山歌	1168	271	123	458	0.27	0.39	0.45
文儿	671	270	154	326	0.47	0.49	0.57
性感	965	270	141	488	0.29	0.51	0.52
GS8	563	269	190	371	0.51	0.66	0.71
wwe送葬者	514	269	214	339	0.63	0.66	0.80
林中鸟	493	269	137	240	0.57	0.49	0.51
4岁女孩“精通”7国语言	428	267	267	414	0.64	0.97	1.00
爱情保卫战涂磊打人	899	267	197	640	0.31	0.71	0.74
光影	409	267	267	401	0.67	0.98	1.00
爵士舞	702	267	168	402	0.42	0.57	0.63
汪晨蕊	508	267	198	390	0.51	0.77	0.74
张嘉译主演的电视剧	617	267	147	291	0.51	0.47	0.55
中国好声音	1196	267	255	1010	0.25	0.84	0.96
荣威rx5	517	266	178	287	0.62	0.56	0.67
如果蜗牛	490	266	265	480	0.55	0.98	1.00
汤晶锦	472	266	177	235	0.75	0.50	0.67
我们结婚了	720	266	266	701	0.38	0.97	1.00
张奥凯	428	266	266	428	0.62	1.00	1.00
赵四	583	266	216	443	0.49	0.76	0.81
乡村爱情	896	265	262	665	0.39	0.74	0.99
小沈龙脱口秀全集	395	265	217	267	0.81	0.68	0.82
铠甲勇士	737	265	251	631	0.40	0.86	0.95
古天乐	1185	264	247	1019	0.24	0.86	0.94
盲僧	454	264	246	426	0.58	0.94	0.93
挖机视频表演	454	264	167	266	0.63	0.59	0.63
小沈龙脱口秀	418	264	236	350	0.67	0.84	0.89
朵拉历险记动画片国语版	433	263	256	420	0.61	0.97	0.97
特种兵之火凤凰	455	263	261	444	0.59	0.98	0.99
中国式闹婚惹外媒热议:只剩内衣还不罢休	440	263	263	440	0.60	1.00	1.00
ted演讲	886	262	152	462	0.33	0.52	0.58
猫	495	262	205	372	0.55	0.75	0.78
翻译官	335	261	261	335	0.78	1.00	1.00
韩国女团	715	261	144	329	0.44	0.46	0.55
西游记 六小龄童版	489	261	261	486	0.54	0.99	1.00
校花的贴身高手	527	261	261	518	0.50	0.98	1.00
亚东歌曲	334	261	0	9	0.00	0.03	0.00
越剧全剧	1095	261	100	477	0.21	0.44	0.38
大秦帝国之纵横国语	226	260	260	226	1.15	1.00	1.00
我爱我家	418	260	258	387	0.67	0.93	0.99
消防车	580	260	168	277	0.61	0.48	0.65
巴啦啦小魔仙	523	259	253	500	0.51	0.96	0.98
基督教舞蹈视频大全	485	259	52	154	0.34	0.32	0.20
霍建华	1378	258	200	950	0.21	0.69	0.78
热舞	1256	258	118	511	0.23	0.41	0.46
小沈阳	1126	258	212	851	0.25	0.76	0.82
雍正王朝	391	258	258	383	0.67	0.98	1.00
2016珠海航展飞行表演	629	257	220	524	0.42	0.83	0.86
包青天	696	257	255	605	0.42	0.87	0.99
大宅门	403	257	255	383	0.67	0.95	0.99
红色通道	455	257	257	442	0.58	0.97	1.00
巨神战击队之超救分队	512	257	249	471	0.53	0.92	0.97
男子酒后掐死女同事奸尸	513	257	257	513	0.50	1.00	1.00
我的滑板鞋华晨宇	365	257	255	360	0.71	0.99	0.99
我是潘金莲	1535	257	248	1512	0.16	0.99	0.96
倚天屠龙记	685	257	253	588	0.43	0.86	0.98
不良人2	608	256	256	607	0.42	1.00	1.00
沈腾小品全集	523	256	196	346	0.57	0.66	0.77
熊猫	836	256	137	514	0.27	0.61	0.54
杨洋郑爽	866	256	143	608	0.24	0.70	0.56
赵本山	982	256	214	783	0.27	0.80	0.84
超级工程	636	255	215	532	0.40	0.84	0.84
斗牛	733	255	175	383	0.46	0.52	0.69
新三国演义	2142	254	242	1794	0.13	0.84	0.95
s6世界总决赛	1729	253	214	1585	0.14	0.92	0.85
爱情	863	253	187	607	0.31	0.70	0.74
穿越剧电视剧大全	683	253	116	334	0.35	0.49	0.46
没有你陪伴真的好孤单	527	253	193	329	0.59	0.62	0.76
徐歌阳	550	253	208	458	0.45	0.83	0.82
许华升	584	253	171	307	0.56	0.53	0.68
葫芦娃动画片	443	252	252	440	0.57	0.99	1.00
画江湖	448	252	252	414	0.61	0.92	1.00
黄龙600	311	252	172	218	0.79	0.70	0.68
双程2	986	252	248	956	0.26	0.97	0.98
王子变青蛙	1050	252	238	926	0.26	0.88	0.94
医馆笑传2	332	252	252	330	0.76	0.99	1.00
周润发电影国语全部	513	252	89	193	0.46	0.38	0.35
朱一手正骨视频	544	252	252	544	0.46	1.00	1.00
斗龙战士4双龙核	787	251	248	744	0.33	0.95	0.99
鬼片大全	892	251	137	347	0.39	0.39	0.55
终极一班4	515	251	251	507	0.50	0.98	1.00
长大电视剧	365	250	250	363	0.69	0.99	1.00
邻居也疯狂	401	250	250	397	0.63	0.99	1.00
龙猫	752	250	202	649	0.31	0.86	0.81
情景喜剧电视剧	2350	250	144	1341	0.11	0.57	0.58
王思聪	655	250	170	449	0.38	0.69	0.68
广场舞2016新舞	529	249	150	310	0.48	0.59	0.60
天网	692	249	249	692	0.36	1.00	1.00
你好 李焕英	424	248	248	416	0.60	0.98	1.00
夏家三千金	385	248	245	347	0.71	0.90	0.99
比亚迪唐	331	247	128	162	0.79	0.49	0.52
弟子规	515	247	227	426	0.53	0.83	0.92
二人转	1080	247	169	559	0.30	0.52	0.68
法证先锋	385	247	247	385	0.64	1.00	1.00
歌舞团	645	247	81	201	0.40	0.31	0.33
郭德纲于谦	558	247	177	430	0.41	0.77	0.72
生死翻盘	326	247	247	266	0.93	0.82	1.00
舞蹈	1164	247	156	655	0.24	0.56	0.63
谢文东第四季	385	247	247	380	0.65	0.99	1.00
徐老师来巡山	486	247	241	474	0.51	0.98	0.98
映山红电视剧	374	247	247	369	0.67	0.99	1.00
众泰sr9	359	247	219	296	0.74	0.82	0.89
激情戏	595	246	143	334	0.43	0.56	0.58
兰陵王	451	246	246	451	0.55	1.00	1.00
守婚如玉	398	246	245	349	0.70	0.88	1.00
一起长大	933	246	245	917	0.27	0.98	1.00
比特犬	393	245	154	186	0.83	0.47	0.63
鹿鼎记 陈小春	305	245	245	300	0.82	0.98	1.00
女人的天空	909	245	240	871	0.28	0.96	0.98
老梁	951	244	139	586	0.24	0.62	0.57
围巾的各种围法	365	244	222	337	0.66	0.92	0.91
小马宝莉	639	244	244	628	0.39	0.98	1.00
百鸟朝凤	540	243	230	468	0.49	0.87	0.95
朴槿惠闺蜜门	451	242	235	438	0.54	0.97	0.97
千山暮雪	494	242	236	451	0.52	0.91	0.98
夏目友人帐	629	242	242	628	0.39	1.00	1.00
游击英雄	417	242	240	390	0.62	0.94	0.99
崔顺实	623	241	193	492	0.39	0.79	0.80
隐藏的歌手2	651	241	241	643	0.37	0.99	1.00
永不磨灭的番号	501	241	241	485	0.50	0.97	1.00
gta5	769	240	179	557	0.32	0.72	0.75
寂寞空庭春欲晚	388	240	240	378	0.63	0.97	1.00
来不及说我爱你	286	240	236	256	0.92	0.90	0.98
林老师的舞动世界	505	240	139	231	0.60	0.46	0.58
隋唐英雄传	438	240	240	437	0.55	1.00	1.00
迷你特工队	548	239	238	528	0.45	0.96	1.00
唐朝好男人	348	239	239	338	0.71	0.97	1.00
调皮王妃 电视剧	314	238	238	314	0.76	1.00	1.00
机械师2	1534	238	236	1463	0.16	0.95	0.99
拜托了冰箱	643	237	237	640	0.37	1.00	1.00
斗狗	351	237	149	185	0.81	0.53	0.63
加油吧实习生	420	237	237	420	0.56	1.00	1.00
美国冰河惊现神秘生物	419	237	237	416	0.57	0.99	1.00
山炮进城2	611	237	237	590	0.40	0.97	1.00
小品搞笑大全	962	237	182	650	0.28	0.68	0.77
吃奶	949	236	68	233	0.29	0.25	0.29
绝地逃亡	1950	236	230	1804	0.13	0.93	0.97
跨界歌王	558	236	233	539	0.43	0.97	0.99
守望先锋世界杯	479	236	217	449	0.48	0.94	0.92
小小智慧树	485	236	236	485	0.49	1.00	1.00
大染坊	367	235	234	365	0.64	0.99	1.00
快闪	468	235	87	148	0.59	0.32	0.37
离婚律师	347	235	235	345	0.68	0.99	1.00
美国冰河惊现神秘生物 体长4.57米身份不明	414	235	235	414	0.57	1.00	1.00
荣耀8	347	235	163	244	0.67	0.70	0.69
睡在我上铺的兄弟	414	235	235	408	0.58	0.99	1.00
温州鼓词	1429	235	109	509	0.21	0.36	0.46
W两个世界	516	234	234	507	0.46	0.98	1.00
ssw皮肤	305	234	231	295	0.78	0.97	0.99
大闹天竺	2176	234	229	2115	0.11	0.97	0.98
功夫	483	234	233	476	0.49	0.99	1.00
狐影	317	234	234	312	0.75	0.98	1.00
花千骨电视剧	263	234	233	248	0.94	0.94	1.00
神话	585	234	233	542	0.43	0.93	1.00
张国荣	918	234	161	578	0.28	0.63	0.69
bj20	2941	233	226	2925	0.08	0.99	0.97
南京土元养殖	28	233	198	25	7.92	0.89	0.85
旺旺队立大功	389	233	233	388	0.60	1.00	1.00
伏击电视剧29集	440	232	225	422	0.53	0.96	0.97
汉武大帝	348	232	232	331	0.70	0.95	1.00
架子鼓	534	232	134	265	0.51	0.50	0.58
狙击手(特别行动)	1259	232	232	1244	0.19	0.99	1.00
色戒	829	232	169	659	0.26	0.79	0.73
兽人必须死	436	232	230	427	0.54	0.98	0.99
微电影	1156	232	140	549	0.26	0.47	0.60
cad教程	652	231	212	531	0.40	0.81	0.92
王者荣耀李白	350	231	223	339	0.66	0.97	0.97
我是你的眼 电视剧	1056	231	206	889	0.23	0.84	0.89
彭德怀元帅电视剧	361	230	230	361	0.64	1.00	1.00
生化危机6	2122	230	220	2076	0.11	0.98	0.96
灌篮高手	636	229	221	609	0.36	0.96	0.97
女娲成长日记	506	229	228	489	0.47	0.97	1.00
朱镕基	343	229	137	181	0.76	0.53	0.60
oppo r9s	411	228	184	314	0.59	0.76	0.81
爸爸去哪儿第一季	586	228	224	567	0.40	0.97	0.98
龙珠超宇宙2	487	228	195	398	0.49	0.82	0.86
网球王子	430	228	228	413	0.55	0.96	1.00
邓小平	381	227	170	257	0.66	0.67	0.75
动漫	1129	227	157	618	0.25	0.55	0.69
郭川	695	227	175	493	0.35	0.71	0.77
斯大林格勒	906	227	180	824	0.22	0.91	0.79
掩护	363	227	227	362	0.63	1.00	1.00
我的二哥二嫂	227	226	225	223	1.01	0.98	1.00
悟空	737	226	184	553	0.33	0.75	0.81
雍正王朝 电视剧	268	226	224	258	0.87	0.96	0.99
周润发	1192	226	189	1055	0.18	0.89	0.84
阿凡达2	2300	225	211	2210	0.10	0.96	0.94
龙珠	817	225	222	789	0.28	0.97	0.99
艾瑞泽5	295	224	147	189	0.78	0.64	0.66
多情江山	290	224	223	284	0.79	0.98	1.00
狐妖小红娘	426	224	224	408	0.55	0.96	1.00
巨神战击队国语	440	224	224	434	0.52	0.99	1.00
来自星星的你	498	224	224	496	0.45	1.00	1.00
偶像来了	583	224	224	572	0.39	0.98	1.00
蜗居	320	224	224	316	0.71	0.99	1.00
一仆二主 全43集	299	224	224	297	0.75	0.99	1.00
千与千寻	503	223	215	469	0.46	0.93	0.96
特种兵之霹雳火	558	223	223	541	0.41	0.97	1.00
广场舞视频大全	746	222	173	462	0.37	0.62	0.78
花非花雾非雾	224	222	219	219	1.00	0.98	0.99
伦理电影片大全 激情	699	222	190	532	0.36	0.76	0.86
蜜獾	375	222	173	245	0.71	0.65	0.78
纳妾记	253	222	222	253	0.88	1.00	1.00
古惑仔5(龙争虎斗)	672	221	211	626	0.34	0.93	0.95
好先生电视剧	386	221	221	384	0.58	0.99	1.00
女性生殖	934	221	204	761	0.27	0.81	0.92
薛平贵与王宝钏	315	221	220	261	0.84	0.83	1.00
冰雪奇缘	833	220	188	675	0.28	0.81	0.85
大王叫我来巡山舞蹈	462	220	186	358	0.52	0.77	0.85
恋恋不忘电视剧	295	220	220	295	0.75	1.00	1.00
王小源	577	220	110	283	0.39	0.49	0.50
小黄飞	400	220	195	324	0.60	0.81	0.89
范冰冰	782	219	176	605	0.29	0.77	0.80
哈士奇	259	219	181	192	0.94	0.74	0.83
太极张三丰	1005	219	191	880	0.22	0.88	0.87
血色浪漫	398	219	219	397	0.55	1.00	1.00
英雄联盟s6世界总决赛	1047	219	183	972	0.19	0.93	0.84
直播港澳台	620	219	219	618	0.35	1.00	1.00
狗狗	433	218	182	333	0.55	0.77	0.83
韩剧	752	218	120	285	0.42	0.38	0.55
偶滴歌神啊第三季	652	218	218	645	0.34	0.99	1.00
WWE	842	217	192	723	0.27	0.86	0.88
超神学院	623	217	217	620	0.35	1.00	1.00
古典舞	743	217	120	294	0.41	0.40	0.55
广告	404	217	140	262	0.53	0.65	0.65
火凤凰女子特种兵	310	217	217	310	0.70	1.00	1.00
米奇妙妙屋国语	340	217	217	340	0.64	1.00	1.00
偶滴歌神啊	563	217	215	460	0.47	0.82	0.99
瑞虎7	486	217	154	328	0.47	0.67	0.71
太行山上	348	217	217	347	0.63	1.00	1.00
卧底	319	217	217	319	0.68	1.00	1.00
小米5s	302	216	192	248	0.77	0.82	0.89
周星驰电影国语	357	216	140	182	0.77	0.51	0.65
减肥操	571	215	206	509	0.40	0.89	0.96
民族舞	487	215	92	167	0.55	0.34	0.43
秦腔	705	215	114	327	0.35	0.46	0.53
少女时代	878	215	163	536	0.30	0.61	0.76
印度电影	895	215	131	271	0.48	0.30	0.61
博越	438	214	129	258	0.50	0.59	0.60
斗龙战士	498	214	213	394	0.54	0.79	1.00
极乐净土 舞蹈	611	214	98	226	0.43	0.37	0.46
苗阜王声	426	214	167	307	0.54	0.72	0.78
霹雳火	863	214	214	843	0.25	0.98	1.00
丧尸电影	307	214	191	216	0.88	0.70	0.89
铁血战狼	388	214	214	381	0.56	0.98	1.00
腿模	397	214	95	177	0.54	0.45	0.44
汪汪队立大功第1季	311	214	206	305	0.68	0.98	0.96
仙剑奇侠传	502	214	213	490	0.43	0.98	1.00
因为爱情有奇迹	234	214	213	225	0.95	0.96	1.00
视频播放	942	213	211	829	0.25	0.88	0.99
臭屁虫	320	212	205	296	0.69	0.93	0.97
东京食尸鬼	1391	212	174	1250	0.14	0.90	0.82
赌神	489	212	208	475	0.44	0.97	0.98
非诚勿扰最新一期	604	212	202	584	0.35	0.97	0.95
华晨宇 我的滑板鞋	353	212	210	343	0.61	0.97	0.99
火线三兄弟	327	212	212	325	0.65	0.99	1.00
科目三考试视频	348	212	174	284	0.61	0.82	0.82
门第	315	212	212	315	0.67	1.00	1.00
